00110102716
00210102716
00310102716
00410102716
00510102716
00610102716
00710102716
00810102716
01010102716
01110102716
01210102716
01310102716
01410102716
01510102716
01610102716
01810102716
01910102716
02010102716
02210102716
02310102716
02410102716
02510102716
02610102716
02710102716
02810102716
03010102716
03110102716
03210102716
03310102716
03410102716
03610102716
03710102716
03810102716
03910102716
04010102716
04310102716
04810102716
04910102716
05010102716
05110102716
05410102716
05510102716
05610102716
05710102716
05810102716
05910102716
20110102716
20210102716
20310102716
40110102716
40210102716
40410102716
40610102716
40710102716
40910102716
41010102716
41110102716
41210102716
41310102716
41410102716
60110102716
60210102716
60310102716
60410102716
60510102716
65110102716
75110102716
00110107217
00210107217
00310107217
00410107217
00510107217
00610107217
00110402716
00210402716
00410402716
00510402716
00710402716
00810402716
00910402716
01010402716
01210402716
01310402716
01410402716
01510402716
01610402716
01710402716
01810402716
01910402716
02010402716
02110402716
02210402716
02310402716
02410402716
02510402716
02610402716
02710402716
02810402716
02910402716
03010402716
03310402716
03410402716
03510402716
03610402716
20110402716
20210402716
35110402716
35210402716
35310402716
35410402716
35510402716
35610402716
40110402716
40210402716
40310402716
40410402716
40510402716
40610402716
40710402716
40810402716
40910402716
41010402716
41110402716
41210402716
41310402716
41410402716
41710402716
41810402716
41910402716
00110407217
00210407217
40110407217
40210407217
40310407217
00111502716
00211502716
00311502716
00411502716
00511502716
00611502716
00711502716
00811502716
00911502716
01111502716
01211502716
01311502716
01411502716
01511502716
01711502716
01811502716
01911502716
02111502716
02211502716
02411502716
02511502716
02611502716
02711502716
02811502716
02911502716
03011502716
03111502716
03211502716
03511502716
03611502716
03711502716
03811502716
20111502716
20211502716
20311502716
35111502716
35211502716
35311502716
35411502716
35511502716
35611502716
40111502716
40211502716
40411502716
40511502716
40611502716
40711502716
40811502716
40911502716
41011502716
41111502716
41211502716
41611502716
60111502716
65111502716
65211502716
65311502716
65411502716
00111507217
00211507217
00311507217
00411507217
35111507217
40111507217
00413302715
02613302715
04813302715
00113302716
00213302716
00313302716
00413302716
00513302716
00613302716
00713302716
00813302716
00913302716
01013302716
01113302716
01213302716
01313302716
01413302716
01613302716
01713302716
01813302716
01913302716
02013302716
02113302716
02213302716
02313302716
02413302716
02513302716
02613302716
02713302716
02813302716
02913302716
03013302716
03113302716
03213302716
03413302716
03513302716
03613302716
03713302716
03813302716
03913302716
04013302716
04113302716
04213302716
04313302716
04413302716
04513302716
04613302716
04713302716
04813302716
04913302716
05013302716
05113302716
05213302716
05313302716
05413302716
05513302716
05613302716
05813302716
05913302716
06013302716
06113302716
06213302716
20113302716
20213302716
20313302716
20413302716
20513302716
35113302716
35213302716
35313302716
35413302716
35513302716
35613302716
35713302716
35813302716
35913302716
36013302716
36213302716
40113302716
40313302716
40413302716
40513302716
40613302716
40713302716
40813302716
40913302716
41013302716
41113302716
41213302716
41313302716
41413302716
41513302716
41613302716
41713302716
41813302716
41913302716
42013302716
42113302716
42213302716
42313302716
42413302716
42613302716
42713302716
42813302716
42913302716
43013302716
43113302716
43213302716
43313302716
43413302716
43513302716
43613302716
43713302716
43813302716
43913302716
44113302716
44213302716
44313302716
44413302716
44513302716
44613302716
44713302716
00113307217
00213307217
00413307217
00513307217
00613307217
35113307217
40113307217
40213307217
40313307217
40413307217
40513307217
00114802716
00214802716
00314802716
00414802716
00514802716
00614802716
00714802716
00814802716
00914802716
01114802716
01214802716
01314802716
01414802716
01514802716
01614802716
01714802716
01814802716
02014802716
02214802716
02314802716
02414802716
02514802716
02614802716
02914802716
03014802716
03114802716
03214802716
03314802716
03414802716
03514802716
03614802716
03714802716
03814802716
03914802716
04014802716
04114802716
04314802716
04414802716
04614802716
04814802716
04914802716
05014802716
05114802716
05214802716
05314802716
05414802716
05514802716
05614802716
05714802716
05814802716
05914802716
06114802716
06214802716
06314802716
06414802716
06514802716
06614802716
06714802716
06814802716
06914802716
07014802716
07114802716
07214802716
07314802716
07414802716
07514802716
07614802716
07714802716
07814802716
08014802716
08114802716
08214802716
08314802716
08414802716
08514802716
08614802716
08714802716
08814802716
08914802716
09014802716
09114802716
09214802716
09314802716
09414802716
09514802716
09614802716
09714802716
09814802716
09914802716
10014802716
10114802716
10214802716
10314802716
10414802716
10514802716
10714802716
10814802716
10914802716
11014802716
11114802716
11214802716
11314802716
11414802716
20114802716
20214802716
20314802716
20414802716
20514802716
20614802716
20714802716
20814802716
20914802716
35114802716
35314802716
35414802716
35514802716
35614802716
35714802716
35814802716
35914802716
36014802716
36114802716
36214802716
36314802716
36414802716
36514802716
36614802716
36714802716
36814802716
40114802716
40214802716
40414802716
40514802716
40614802716
40714802716
40814802716
40914802716
41014802716
41114802716
41214802716
41314802716
41414802716
41514802716
41614802716
41714802716
41914802716
42014802716
42214802716
42314802716
42414802716
42514802716
42614802716
42714802716
42814802716
42914802716
43014802716
43314802716
43414802716
43514802716
43614802716
43714802716
43914802716
44014802716
44114802716
44214802716
44414802716
44514802716
44614802716
44714802716
60114802716
60214802716
60314802716
60414802716
60514802716
60614802716
60714802716
60814802716
65114802716
75114802716
75214802716
75314802716
75414802716
00114807217
00214807217
00314807217
00414807217
00514807217
00614807217
00714807217
00814807217
00914807217
01014807217
01114807217
01214807217
01314807217
35114807217
35214807217
40114807217
40214807217
50114807217
00115002716
00315002716
00415002716
00515002716
00615002716
00715002716
00815002716
00915002716
01015002716
01115002716
01215002716
01315002716
01415002716
01515002716
01615002716
01715002716
01815002716
01915002716
02015002716
02115002716
02215002716
02315002716
02415002716
02515002716
02615002716
02715002716
02815002716
02915002716
03015002716
03115002716
03215002716
03315002716
03415002716
03515002716
03615002716
03715002716
03815002716
03915002716
04015002716
04115002716
04215002716
04315002716
04415002716
04615002716
04715002716
04815002716
04915002716
05015002716
05115002716
05215002716
05315002716
05415002716
05515002716
05615002716
05715002716
05815002716
05915002716
06015002716
06115002716
06215002716
06315002716
06515002716
06615002716
06715002716
06815002716
06915002716
07115002716
07215002716
07415002716
07515002716
07615002716
07815002716
08215002716
08315002716
20115002716
20215002716
20315002716
20415002716
20515002716
20615002716
35115002716
35215002716
35315002716
35415002716
35515002716
35615002716
35715002716
35815002716
35915002716
36015002716
36115002716
36215002716
40115002716
40215002716
40315002716
40415002716
40515002716
40615002716
40715002716
40815002716
40915002716
41015002716
41215002716
41315002716
41415002716
41515002716
41615002716
41715002716
41815002716
41915002716
42015002716
42115002716
42215002716
42315002716
42415002716
42515002716
60115002716
60215002716
60315002716
60415002716
65115002716
75215002716
00115007217
00215007217
00315007217
00415007217
00515007217
00615007217
00715007217
00815007217
00915007217
35115007217
40115007217
50115007217
00115602716
00215602716
00315602716
00415602716
00515602716
00615602716
00715602716
00815602716
00915602716
01015602716
01115602716
01215602716
01315602716
01415602716
01515602716
01615602716
01715602716
01815602716
01915602716
02015602716
02115602716
02215602716
02315602716
02515602716
02615602716
02715602716
02815602716
02915602716
03015602716
03115602716
03215602716
03315602716
03415602716
03515602716
03615602716
03715602716
03915602716
04015602716
04215602716
04315602716
04515602716
04615602716
04715602716
04815602716
04915602716
05115602716
05215602716
05315602716
05415602716
05515602716
05615602716
05715602716
05815602716
05915602716
06015602716
06215602716
06315602716
06415602716
06515602716
06615602716
06715602716
06815602716
06915602716
07015602716
07115602716
07215602716
07315602716
20115602716
20215602716
20315602716
20415602716
35115602716
35215602716
35315602716
35415602716
35515602716
35615602716
35715602716
35815602716
35915602716
36015602716
36115602716
36215602716
40115602716
40215602716
40315602716
40415602716
40515602716
40615602716
40715602716
40815602716
40915602716
41015602716
41115602716
41215602716
41315602716
41415602716
41615602716
41715602716
41815602716
41915602716
42015602716
42115602716
42215602716
42315602716
42415602716
42515602716
42715602716
42815602716
42915602716
43015602716
43115602716
43215602716
43315602716
43415602716
43515602716
60115602716
75115602716
75215602716
00115607217
00215607217
00315607217
00415607217
00515607217
00615607217
00715607217
00815607217
00915607217
35115607217
40115607217
40215607217
00118002716
00218002716
00318002716
00418002716
00518002716
00618002716
00718002716
00818002716
00918002716
01018002716
01118002716
01218002716
01318002716
01418002716
01518002716
01618002716
01718002716
01818002716
01918002716
02018002716
02118002716
02218002716
02318002716
02418002716
02518002716
02618002716
02818002716
02918002716
03118002716
03218002716
20118002716
35118002716
35218002716
35318002716
35418002716
35518002716
35618002716
40118002716
40218002716
40318002716
40418002716
40518002716
40618002716
40718002716
40818002716
40918002716
41018002716
41118002716
41218002716
41318002716
41418002716
41518002716
41618002716
41718002716
41818002716
41918002716
42018002716
42218002716
75118002716
00118007217
00218007217
40118007217
40218007217
40418007217
50118007217
75118007217
00120802716
00220802716
00320802716
00420802716
00520802716
00620802716
00720802716
00820802716
00920802716
01120802716
01220802716
01420802716
01520802716
01620802716
01820802716
01920802716
02020802716
02120802716
02220802716
02320802716
02420802716
02520802716
02620802716
02720802716
02820802716
02920802716
03020802716
03120802716
03220802716
03320802716
03420802716
03520802716
03620802716
03720802716
03820802716
03920802716
04020802716
04120802716
04220802716
04320802716
04420802716
04520802716
04620802716
04720802716
04820802716
04920802716
05020802716
05120802716
05220802716
05320802716
05420802716
05520802716
05620802716
05720802716
05820802716
05920802716
06020802716
06120802716
06220802716
06320802716
06420802716
06520802716
06620802716
06720802716
06820802716
06920802716
07020802716
07120802716
07220802716
07320802716
07420802716
07520802716
07620802716
07720802716
07820802716
07920802716
08020802716
08120802716
08220802716
08320802716
08420802716
08520802716
08620802716
20120802716
35120802716
35220802716
35320802716
35420802716
35520802716
35620802716
35720802716
35820802716
35920802716
36020802716
36120802716
36220802716
40120802716
40220802716
40320802716
40420802716
40520802716
40620802716
40720802716
40820802716
40920802716
41020802716
41120802716
41220802716
41320802716
41420802716
41520802716
41620802716
41720802716
41920802716
42020802716
42120802716
42220802716
00120807217
00220807217
00320807217
00420807217
00620807217
35120807217
40120807217
40220807217
40320807217
40420807217
50120807217
00120902716
00220902716
00320902716
00420902716
00520902716
00620902716
00720902716
00820902716
00920902716
01020902716
01120902716
01220902716
01320902716
01420902716
01520902716
01620902716
01720902716
01820902716
01920902716
02020902716
02120902716
02220902716
02320902716
02420902716
02520902716
02620902716
02720902716
02820902716
02920902716
03020902716
03120902716
03220902716
03420902716
03520902716
03720902716
03820902716
03920902716
04120902716
04220902716
04320902716
04420902716
04520902716
04720902716
04820902716
04920902716
05020902716
05220902716
05320902716
05420902716
05520902716
05620902716
05720902716
05820902716
05920902716
06120902716
20120902716
20220902716
20320902716
40120902716
40220902716
40320902716
40420902716
40520902716
40720902716
40820902716
41020902716
41120902716
41220902716
60120902716
60220902716
60320902716
60420902716
60520902716
75120902716
75220902716
00120907217
00220907217
00320907217
00520907217
40120907217
01525502715
00125502716
00225502716
00325502716
00525502716
00625502716
00725502716
00825502716
00925502716
01025502716
01125502716
01225502716
01325502716
01425502716
01525502716
01625502716
01725502716
01825502716
01925502716
02025502716
02125502716
02225502716
02325502716
02425502716
02525502716
02625502716
20125502716
20225502716
20325502716
35125502716
35225502716
35325502716
35425502716
35525502716
35625502716
40225502716
40325502716
40425502716
40525502716
40625502716
40825502716
40925502716
41025502716
41225502716
41325502716
41425502716
41525502716
41625502716
41725502716
41825502716
42025502716
42125502716
42225502716
42325502716
42425502716
42525502716
42625502716
42725502716
42825502716
42925502716
00125507217
35125507217
40125507217
40225507217
40325507217
40425507217
00151202716
00251202716
00351202716
00451202716
00551202716
00651202716
00751202716
00851202716
00951202716
01051202716
01151202716
01251202716
01351202716
01551202716
01651202716
01751202716
01851202716
01951202716
02051202716
02151202716
02251202716
02451202716
02551202716
02651202716
02851202716
02951202716
03051202716
03351202716
03451202716
03551202716
03651202716
03751202716
03851202716
03951202716
04051202716
04151202716
20151202716
20251202716
20351202716
35151202716
35251202716
35351202716
35451202716
35551202716
35651202716
40151202716
40251202716
40351202716
40451202716
40551202716
40651202716
40751202716
40851202716
40951202716
41051202716
41151202716
41251202716
41351202716
65151202716
00151207217
00251207217
00351207217
35151207217
40151207217
50151207217
00255102716
00355102716
00455102716
00555102716
20155102716
40155102716
40255102716
40355102716
40455102716
40555102716
40655102716
40755102716
40855102716
41055102716
41155102716
41255102716
41355102716
41455102716
41555102716
50155102716
50255102716
50355102716
50455102716
50555102716
50655102716
50755102716
50855102716
50955102716
51055102716
51155102716
51255102716
51355102716
51455102716
51555102716
51655102716
51855102716
51955102716
52055102716
52155102716
52255102716
52455102716
52555102716
52655102716
55155102716
55255102716
55355102716
55555102716
55655102716
55955102716
56055102716
56155102716
56255102716
65155102716
00155107217
00155202716
00255202716
00355202716
00455202716
20155202716
20255202716
40155202716
40255202716
40355202716
40455202716
40555202716
40655202716
40855202716
40955202716
41055202716
41155202716
41255202716
41355202716
41455202716
41555202716
50155202716
50255202716
50455202716
50655202716
50755202716
50955202716
51055202716
51155202716
51255202716
51355202716
51455202716
51555202716
51655202716
51755202716
51855202716
51955202716
52055202716
52255202716
52355202716
52455202716
52555202716
52655202716
55155202716
55355202716
55455202716
55655202716
55955202716
56055202716
56155202716
56255202716
40155207217
40255207217
00155302716
00255302716
00355302716
00455302716
00555302716
00655302716
00755302716
00855302716
00955302716
01055302716
01155302716
20155302716
20255302716
20355302716
20455302716
20555302716
40155302716
40355302716
40455302716
40555302716
40655302716
40755302716
40855302716
41055302716
41155302716
41255302716
41455302716
41555302716
41655302716
42055302716
42155302716
42255302716
42355302716
42455302716
42555302716
42655302716
42755302716
42855302716
42955302716
43055302716
43155302716
43255302716
43355302716
43455302716
43555302716
43655302716
43755302716
43855302716
43955302716
44055302716
44155302716
44255302716
44355302716
44455302716
44555302716
44655302716
44755302716
44855302716
44955302716
45055302716
45155302716
45255302716
45355302716
45455302716
45555302716
45655302716
45755302716
45855302716
46055302716
46155302716
46255302716
46355302716
46555302716
46655302716
46755302716
46855302716
46955302716
47055302716
47155302716
47255302716
47455302716
47555302716
47655302716
47755302716
47855302716
47955302716
48155302716
48255302716
48355302716
48455302716
48555302716
48655302716
48755302716
48855302716
48955302716
49055302716
49255302716
49355302716
49455302716
49555302716
49655302716
49755302716
49855302716
49955302716
50055302716
50155302716
50255302716
50355302716
50455302716
50555302716
50655302716
50755302716
50855302716
50955302716
51155302716
00155307217
40155307217
40255307217
40355307217
40455307217
00196202716
00296202716
00396202716
00496202716
00596202716
00696202716
00796202716
00896202716
00996202716
01096202716
01196202716
01296202716
01496202716
01596202716
01696202716
01796202716
01896202716
01996202716
02196202716
02296202716
02396202716
02496202716
02596202716
02696202716
02796202716
02896202716
02996202716
03096202716
03196202716
03296202716
03396202716
03496202716
03596202716
03696202716
03796202716
03896202716
03996202716
20196202716
20296202716
35196202716
35296202716
35396202716
35496202716
35596202716
35696202716
40196202716
40296202716
40396202716
40496202716
40596202716
40696202716
40796202716
40996202716
41096202716
41196202716
41296202716
41396202716
41496202716
41596202716
00196207217
00296207217
00396207217
00496207217
35196207217
00596302715
03296302715
00196302716
00296302716
00396302716
00496302716
00596302716
00696302716
00796302716
00896302716
00996302716
01096302716
01196302716
01396302716
01496302716
01696302716
01796302716
01896302716
02096302716
02196302716
02296302716
02396302716
02496302716
02596302716
02696302716
02796302716
02996302716
03096302716
03196302716
03296302716
03396302716
03496302716
03596302716
03696302716
03796302716
03896302716
03996302716
04096302716
04196302716
04296302716
20196302716
20296302716
35196302716
35296302716
35396302716
35496302716
35596302716
35696302716
40196302716
40296302716
40396302716
40496302716
40596302716
40696302716
40996302716
41096302716
41196302716
41296302716
60196302716
00196307217
00296307217
35196307217
40196307217
40296307217
40396307217
00196402716
00296402716
00496402716
00596402716
00696402716
00796402716
00896402716
00996402716
01096402716
01196402716
01496402716
01596402716
01696402716
01796402716
01996402716
02096402716
02196402716
02296402716
02396402716
02496402716
02596402716
02696402716
02796402716
02896402716
03096402716
03196402716
03296402716
03596402716
03796402716
03896402716
20296402716
20396402716
35196402716
35296402716
35396402716
35496402716
35696402716
40196402716
40296402716
40396402716
40496402716
40796402716
40896402716
40996402716
41096402716
41196402716
41296402716
41396402716
41596402716
41696402716
60196402716
60296402716
60396402716
60496402716
60596402716
60696402716
65196402716
65296402716
00196407217
00296407217
00396407217
00496407217
00596407217
00696407217
00196502716
00296502716
00396502716
00496502716
00596502716
00696502716
00796502716
00896502716
00996502716
01096502716
01196502716
01296502716
01396502716
01496502716
01696502716
01796502716
01896502716
01996502716
02196502716
02296502716
02396502716
02496502716
02596502716
02696502716
02796502716
02896502716
20196502716
35196502716
35296502716
35396502716
35496502716
35596502716
35696502716
40196502716
40296502716
40396502716
40496502716
40596502716
40696502716
40796502716
40896502716
40996502716
41096502716
41196502716
41296502716
41396502716
41496502716
41596502716
41696502716
41796502716
41896502716
41996502716
42096502716
42196502716
42396502716
42596502716
42696502716
00196507217
00296507217
00496507217
35196507217
40196507217